  - name: home
    latitude: 18.750965
    longitude: 99.007457
    radius: 150